recognize
6
16 32
50 54 69 59 53 53 56 50 46 28 15 0 23 61 80 80 81 82 79 75 75 43 21 19 18 16 15 17 16 17 22 20 
51 70 158 152 73 46 66 87 88 72 62 57 83 100 80 78 82 79 86 103 127 122 92 80 82 76 76 82 81 69 27 23 
80 119 236 212 103 79 111 210 219 220 210 211 217 203 121 79 79 77 102 189 230 224 229 219 223 223 220 217 226 180 45 16 
213 235 251 255 243 217 150 174 193 181 187 235 255 216 115 81 86 79 112 219 246 203 198 204 176 162 168 191 247 206 43 18 
173 236 247 203 198 184 98 29 25 24 97 228 242 159 87 81 84 78 121 238 223 115 144 216 157 66 26 100 235 194 46 18 
89 197 238 165 129 72 26 4 9 103 210 249 183 91 84 85 83 75 136 237 210 94 122 205 242 160 42 88 239 186 42 13 
106 225 193 224 188 47 11 60 148 238 255 254 195 116 87 88 97 108 165 249 205 122 112 135 202 182 76 123 244 193 75 34 
157 242 173 231 205 94 134 214 255 215 166 215 246 230 154 91 158 233 242 255 248 242 235 237 244 239 230 240 253 245 229 109 
210 255 232 252 242 202 195 225 162 62 53 117 179 229 166 86 144 204 230 253 218 195 213 205 198 195 198 217 250 219 180 89 
174 202 203 247 240 173 100 148 136 115 133 159 164 190 126 87 92 115 209 249 150 119 207 209 140 94 84 165 251 166 51 22 
59 52 81 215 193 56 83 222 249 249 247 249 249 249 142 92 80 101 227 239 118 98 179 239 220 141 76 159 252 153 55 21 
79 94 127 230 237 174 88 93 102 158 248 214 158 149 111 85 84 126 236 226 122 88 101 165 219 148 91 178 250 146 79 49 
216 241 245 251 248 207 76 6 3 104 247 185 94 83 85 89 89 149 241 250 236 226 226 232 247 236 228 244 251 237 200 96 
175 174 163 237 204 67 12 0 0 104 247 184 92 72 89 84 87 147 204 211 215 215 216 216 210 205 224 244 244 221 182 98 
41 20 51 218 186 53 126 163 156 206 251 231 195 188 176 105 84 97 112 108 112 109 106 121 156 146 188 245 213 112 97 76 
13 17 49 213 185 69 197 241 238 237 240 239 241 243 217 118 84 89 90 87 87 85 82 116 214 236 245 238 146 83 74 72 
16 32
31 36 56 53 46 35 18 13 22 43 49 54 52 54 56 54 56 56 53 58 50 49 44 44 46 42 7 36 55 28 17 17 
22 49 137 166 67 14 22 62 84 97 99 97 98 92 56 56 54 60 56 87 111 105 106 101 101 111 84 70 91 106 79 47 
55 92 206 249 93 55 56 194 227 221 224 219 223 212 121 56 57 49 66 163 231 233 230 225 227 233 231 228 221 210 70 37 
192 233 246 255 236 237 148 175 198 199 199 230 255 239 116 49 58 52 64 195 255 198 182 208 194 181 189 192 249 242 50 24 
163 224 255 215 196 191 126 67 68 62 105 217 255 172 58 56 51 59 71 218 247 108 107 211 191 101 67 89 233 235 62 37 
74 173 254 179 141 91 63 50 52 105 206 252 196 77 55 57 56 43 73 239 235 89 83 183 241 204 90 56 237 225 63 59 
70 220 206 213 213 86 49 82 152 229 255 255 207 105 63 55 65 84 110 250 228 115 90 111 180 208 100 95 251 225 96 97 
122 251 182 216 235 127 138 216 244 236 180 194 246 237 159 65 105 238 239 253 255 243 234 237 242 249 232 232 252 251 236 175 
192 255 235 241 248 229 190 231 198 114 57 76 146 228 177 61 85 195 224 255 228 188 194 205 188 179 186 204 252 238 206 138 
145 214 199 241 250 206 114 163 163 140 147 139 152 171 132 52 68 77 178 255 166 81 168 217 123 48 57 103 242 204 78 64 
61 68 71 206 227 111 80 219 252 250 242 243 252 255 161 60 60 45 192 255 143 67 141 233 231 134 47 94 252 161 39 58 
78 105 124 224 246 207 121 120 126 149 254 228 142 131 102 59 37 73 221 249 133 69 74 121 220 158 45 115 253 157 24 22 
200 242 245 251 249 231 130 51 47 76 249 202 74 62 66 43 57 111 239 255 239 229 223 222 246 238 215 228 253 242 206 73 
169 192 165 231 235 112 56 46 49 77 249 209 60 36 27 54 71 115 201 214 213 208 209 207 203 196 201 242 247 212 190 75 
76 70 58 209 230 99 135 173 175 187 250 239 172 163 166 91 63 78 102 92 99 98 98 90 121 113 140 240 227 85 44 32 
49 56 59 206 228 97 182 243 237 239 234 238 244 243 243 104 36 43 63 64 61 54 52 65 188 237 241 242 146 19 14 14 
16 32
79 87 94 97 92 85 87 85 87 86 87 83 83 84 85 83 84 85 85 81 71 38 58 68 66 72 76 74 79 80 82 85 
75 86 148 187 121 89 94 109 119 123 119 125 123 114 95 85 85 88 88 104 126 117 93 108 121 116 120 121 124 125 99 81 
95 122 195 247 165 111 115 183 226 227 229 224 222 224 161 93 84 81 89 156 226 233 228 227 224 233 229 234 235 220 135 78 
172 235 246 253 242 237 187 178 206 205 206 225 249 244 162 88 87 87 96 180 250 217 190 203 192 185 183 187 232 246 143 76 
146 222 246 223 202 201 160 105 98 99 117 198 254 203 108 86 89 84 97 194 249 156 122 198 192 116 80 94 196 240 132 76 
87 162 240 204 169 122 97 88 85 121 197 248 215 130 84 86 88 79 97 204 244 138 98 172 234 207 113 76 201 241 118 70 
81 189 223 211 226 133 88 107 154 223 254 255 221 144 97 87 91 107 128 226 237 151 109 123 177 206 115 111 214 238 144 85 
118 224 211 209 236 159 157 204 248 242 200 198 241 240 187 107 119 217 239 250 250 240 241 235 240 248 235 237 246 247 245 193 
165 252 242 239 250 234 202 228 214 152 102 97 151 213 207 110 109 183 222 248 237 202 205 207 203 193 199 203 242 242 207 159 
140 203 211 234 246 220 149 169 178 160 158 161 160 186 160 94 88 100 169 245 199 109 169 222 166 109 91 120 220 215 111 73 
64 88 81 178 239 147 109 192 248 253 245 242 249 255 194 97 83 87 177 250 178 89 141 224 240 177 94 126 231 196 59 29 
66 103 135 209 246 217 155 135 146 161 234 237 174 152 129 91 84 97 195 249 162 92 92 128 213 187 107 141 239 184 49 23 
167 240 246 252 248 237 170 87 72 96 220 229 118 81 85 85 86 111 218 254 238 228 227 227 240 245 228 237 249 242 212 114 
143 189 170 221 246 152 83 71 72 98 211 227 122 76 79 85 82 115 190 215 215 213 213 210 213 207 213 245 248 225 196 99 
72 73 47 167 233 138 135 183 186 195 238 246 204 185 186 132 88 93 107 109 113 115 112 107 140 150 165 227 243 140 63 34 
48 54 51 166 238 135 158 239 241 241 234 235 237 241 240 156 93 86 84 85 86 83 82 89 173 230 243 247 192 86 41 29 
16 32
51 51 62 48 34 33 31 34 28 28 26 29 25 24 26 26 31 33 32 34 55 21 54 42 41 36 13 17 12 13 13 14 
45 98 188 101 29 23 55 77 81 77 84 91 87 63 50 55 48 37 49 74 110 89 108 97 97 96 82 79 76 44 22 21 
81 158 255 156 71 67 145 221 223 224 228 221 225 163 53 45 40 24 94 216 227 233 224 224 223 232 226 228 229 121 18 37 
239 245 255 244 238 185 151 190 197 187 206 246 255 161 39 30 32 20 129 253 223 169 189 196 168 168 169 219 255 140 14 34 
201 253 233 186 183 152 59 49 41 61 161 250 214 68 36 39 36 27 148 255 161 47 174 196 105 32 23 166 252 127 12 23 
108 246 206 143 101 51 38 31 59 161 242 233 106 38 36 35 24 18 173 255 133 37 130 230 229 101 0 159 255 119 17 18 
156 227 185 239 124 42 52 105 199 255 255 236 137 64 33 31 62 70 204 253 152 79 88 131 215 107 45 187 255 148 60 24 
214 218 170 252 162 111 188 245 252 198 179 235 251 191 81 31 209 236 249 251 244 234 240 236 246 236 233 249 254 243 224 45 
252 247 231 253 238 198 219 220 141 82 61 101 195 223 88 50 171 207 249 244 195 183 199 185 177 179 180 237 249 207 175 34 
204 201 219 253 230 144 143 165 152 138 133 132 157 163 68 56 69 125 246 213 53 115 222 156 67 33 71 212 236 123 56 25 
69 53 145 252 152 65 165 250 251 244 249 251 255 219 80 51 30 118 254 192 24 70 197 248 181 41 67 217 233 91 47 38 
92 113 183 249 231 155 114 122 128 220 249 171 133 116 58 35 31 150 255 162 29 26 62 177 195 63 92 224 227 85 42 38 
241 247 249 251 241 177 62 23 45 202 246 117 40 40 35 33 37 181 255 238 216 215 216 235 242 223 230 248 249 229 145 47 
201 175 194 249 159 69 21 34 44 200 247 106 24 23 29 25 50 153 195 195 197 200 201 194 189 201 233 250 237 209 132 52 
74 56 141 253 126 76 170 179 174 234 255 198 168 180 116 30 30 59 49 45 49 56 58 86 115 131 207 255 152 61 40 30 
44 42 135 255 117 123 244 242 240 236 236 236 240 244 156 34 23 27 16 17 26 27 8 112 231 237 250 212 80 28 16 24 
16 32
55 60 61 56 56 55 51 49 44 51 48 49 48 47 52 53 54 53 49 46 43 38 44 39 41 40 37 45 48 51 88 88 
53 82 165 137 58 45 68 97 92 94 90 97 94 75 48 54 50 56 64 90 107 95 98 103 102 93 104 103 105 112 93 88 
89 138 240 188 91 84 124 213 229 226 220 223 221 187 76 52 51 49 92 200 227 238 234 225 225 230 237 230 233 194 95 91 
233 237 253 247 244 207 149 188 199 196 204 246 255 196 77 53 55 48 115 230 246 184 187 207 186 184 184 213 252 205 93 92 
201 239 244 203 189 177 90 65 57 71 146 243 228 115 51 49 53 55 123 241 207 73 152 219 151 81 55 160 249 199 92 91 
108 218 225 160 119 71 54 44 66 142 233 241 144 57 53 52 53 42 134 253 176 57 117 212 239 158 66 154 252 186 89 89 
129 233 192 227 164 62 57 102 188 249 255 249 161 83 52 51 74 86 168 250 178 95 96 131 205 161 112 173 252 194 116 99 
180 236 169 242 198 111 174 233 247 217 173 223 249 208 120 60 166 242 243 255 244 239 237 236 247 242 236 244 253 248 229 137 
240 253 225 254 242 210 201 234 167 79 63 95 180 219 130 51 139 204 238 250 209 195 202 202 192 201 205 232 250 229 193 120 
185 209 210 250 234 172 128 166 150 140 141 139 156 166 81 50 61 106 229 236 107 115 210 193 133 106 106 191 247 171 104 95 
68 55 98 240 182 76 132 242 252 252 244 250 251 237 98 48 53 104 241 218 88 84 179 248 215 127 104 191 243 149 89 90 
87 105 154 248 232 175 107 123 127 192 253 194 128 122 71 63 63 129 252 203 81 60 103 182 222 134 114 205 246 144 91 91 
233 246 246 253 245 201 85 43 41 147 253 150 44 49 59 65 74 155 255 250 230 224 226 239 246 233 230 246 255 238 188 107 
199 180 186 248 187 86 45 42 38 145 247 150 54 55 59 55 83 148 206 206 208 219 217 212 211 214 229 254 242 222 176 107 
72 55 97 243 174 91 167 179 173 217 253 216 185 184 159 75 62 76 82 78 105 119 110 134 150 152 198 255 197 115 103 93 
49 48 103 242 172 103 230 241 238 241 238 239 238 245 205 77 55 64 49 62 90 90 82 129 231 240 245 230 144 88 90 90 
16 32
29 35 43 43 33 32 31 32 27 30 27 28 21 11 18 14 14 43 51 46 49 50 53 53 55 52 40 38 46 53 61 61 
8 38 145 132 38 15 37 54 71 65 70 64 69 51 24 15 7 38 49 88 103 107 102 108 107 105 110 107 98 91 53 48 
44 93 230 202 94 61 99 203 220 219 210 218 214 191 65 6 10 28 77 177 229 229 232 227 232 236 232 227 236 199 76 49 
207 229 250 255 242 213 144 183 191 190 193 229 255 209 59 13 14 21 111 212 248 195 189 203 183 177 182 203 254 216 72 57 
160 235 247 204 190 179 105 63 40 42 106 233 237 107 19 20 13 6 103 243 218 87 129 212 160 83 55 121 237 203 70 49 
61 192 234 164 126 76 54 41 30 110 215 246 150 30 19 13 13 0 92 249 209 89 99 195 240 170 64 104 239 192 62 42 
78 224 189 229 185 68 58 72 170 239 255 253 168 62 20 14 37 47 128 251 205 126 114 131 195 176 83 139 243 198 91 58 
145 237 177 228 210 118 159 219 252 219 160 203 253 215 116 20 126 233 235 254 249 239 239 235 247 245 235 244 251 249 233 129 
208 255 236 245 248 216 194 228 162 74 27 58 144 229 122 21 90 181 232 251 217 203 211 209 203 202 203 219 251 229 208 129 
164 196 200 248 239 176 109 155 135 115 117 120 127 166 72 13 21 52 190 246 103 104 211 210 146 108 111 176 250 190 112 100 
45 46 78 223 193 72 94 220 251 250 242 249 253 240 107 27 15 42 210 243 56 48 171 244 227 147 101 173 250 165 95 96 
72 88 128 235 239 182 99 107 111 170 253 201 135 119 56 31 22 70 230 218 62 22 64 154 226 150 110 187 249 152 81 53 
208 243 243 251 245 205 89 21 22 129 252 166 60 30 22 23 27 115 238 250 225 219 217 224 246 229 225 237 252 234 183 73 
172 179 169 239 206 79 41 42 45 119 246 165 53 8 15 18 33 114 186 193 197 200 196 201 193 198 214 246 242 209 176 78 
65 47 62 218 192 91 151 177 177 204 255 220 169 167 146 40 30 52 65 52 56 53 40 83 130 128 171 243 206 99 70 55 
36 26 59 221 196 103 206 240 236 234 234 234 238 241 205 64 37 36 31 22 16 12 6 52 209 237 249 240 134 58 52 52 
