17
AP
16 32
52 52 93 174 100 55 57 58 57 178 197 86 55 54 54 54 54 54 66 180 136 58 57 57 57 121 186 118 57 56 55 52
55 55 117 239 198 66 58 60 60 227 255 100 57 57 57 57 57 57 120 254 198 61 60 59 70 204 255 206 75 59 60 54
70 129 134 227 243 143 126 81 64 228 255 103 62 62 62 61 61 69 201 244 122 72 64 65 134 251 228 252 153 68 64 55
92 227 226 233 236 238 236 114 65 228 255 107 66 66 66 66 65 123 250 186 122 152 86 110 224 239 142 218 239 135 77 61
83 161 161 161 188 254 239 101 66 229 255 144 93 71 71 71 100 213 253 153 205 244 147 206 255 201 106 162 252 233 153 85
70 70 71 84 181 254 173 109 72 229 255 220 180 104 74 75 141 255 251 217 252 209 212 251 255 210 193 195 250 247 239 107
74 75 82 156 251 230 139 203 111 230 255 226 254 192 115 80 118 204 222 255 226 129 190 190 207 208 208 209 209 182 188 95
78 95 153 241 255 222 208 229 129 230 255 157 211 254 204 107 88 130 207 248 164 113 114 125 144 146 146 146 147 125 108 89
105 173 245 255 255 241 255 191 84 231 255 120 121 211 222 122 106 178 254 245 184 197 117 185 194 194 194 195 195 192 97 96
136 252 228 234 255 185 237 215 102 231 255 124 87 120 139 95 130 250 245 231 218 205 119 242 251 210 210 210 255 248 104 102
115 206 150 204 255 130 159 213 112 232 255 128 91 84 87 95 115 200 178 161 142 131 107 243 246 131 132 130 255 248 110 108
97 119 92 203 255 129 94 134 99 233 255 131 96 92 95 98 107 137 138 152 165 178 122 244 244 110 110 108 255 249 114 102
103 100 101 205 255 138 98 103 105 234 255 135 94 96 104 104 130 195 215 232 239 227 131 244 249 168 167 172 255 249 108 122
108 106 108 205 255 140 101 105 109 235 255 140 103 105 107 107 145 231 216 203 185 162 126 244 254 235 235 236 255 248 148 120
113 106 107 175 215 134 105 109 114 203 217 134 116 115 113 112 126 166 136 116 127 132 130 217 220 169 174 174 219 228 136 104
110 106 105 126 137 118 114 111 116 141 144 120 117 119 114 114 121 121 117 117 125 131 132 160 158 118 127 123 148 151 105 116
ASDG
16 32
36 28 30 38 35 38 37 44 50 43 55 50 35 51 33 31 38 42 36 41 37 39 40 32 22 14 38 30 22 46 39 42
22 29 111 125 123 128 119 126 142 133 124 138 131 77 46 43 46 92 107 105 108 110 38 66 84 83 80 94 95 84 83 62
20 32 190 253 219 222 229 221 215 214 225 231 251 117 46 37 61 173 221 220 240 243 75 138 200 219 213 199 230 221 208 118
30 25 210 255 166 126 138 141 138 137 145 200 255 125 45 33 44 127 146 120 188 240 74 176 243 206 182 182 181 198 182 101
30 17 208 253 188 167 169 172 182 179 170 214 241 127 47 31 34 99 117 56 150 206 72 176 227 110 86 62 51 137 109 46
23 25 211 255 208 194 197 193 192 190 196 198 199 141 78 39 36 157 222 71 176 200 78 176 252 155 206 115 124 230 151 69
22 32 179 242 165 115 109 122 124 115 124 121 147 173 137 59 22 172 219 73 195 196 74 163 234 128 205 212 213 221 101 49
24 28 122 207 212 217 204 203 207 198 207 208 219 228 161 56 19 195 201 81 204 193 79 184 237 87 126 222 253 204 76 41
21 33 38 84 124 142 140 148 161 141 198 202 144 121 63 25 38 205 221 161 224 215 122 184 246 82 54 200 254 172 70 41
26 83 108 110 96 98 118 106 95 131 202 230 135 91 93 60 51 163 202 190 215 250 177 202 232 89 93 206 255 216 94 42
59 184 221 236 253 240 233 241 233 239 243 240 240 249 238 107 48 78 85 117 114 225 180 195 219 118 166 238 204 231 160 56
49 136 158 188 248 216 158 144 136 153 247 250 166 135 156 89 96 130 126 165 129 224 152 187 239 171 232 183 96 194 217 86
17 28 48 119 216 218 120 70 95 98 205 228 75 24 44 34 112 205 224 196 181 243 139 197 253 170 190 103 53 131 161 68
29 19 31 36 100 212 199 97 48 63 219 223 68 20 31 34 76 106 98 92 154 223 127 181 231 158 154 104 105 118 120 81
30 30 14 23 35 110 105 118 138 171 240 205 67 21 43 46 35 37 107 146 208 230 138 177 234 222 225 237 235 227 210 156
11 38 30 25 14 27 16 147 194 208 209 145 83 33 20 33 49 36 120 184 190 144 66 107 169 184 169 161 142 162 155 103
BM
16 32
15 11 15 13 13 17 11 13 15 17 41 60 81 51 49 58 48 44 50 57 46 43 45 40 64 72 39 29 35 46 51 59
13 9 62 76 83 92 87 95 110 120 150 159 156 98 54 54 59 50 76 143 118 49 27 27 114 158 100 74 61 36 31 31
16 25 115 199 201 204 213 245 251 210 190 195 175 102 28 1 23 49 115 224 170 57 37 55 186 240 155 80 90 86 100 68
9 69 146 170 168 165 182 237 244 172 121 100 99 84 83 44 27 42 60 211 163 107 96 109 213 254 203 198 205 201 188 79
28 146 190 189 195 187 189 237 252 206 183 193 194 187 181 81 23 109 110 225 164 161 131 165 229 235 200 197 194 238 241 95
26 128 155 183 196 189 189 237 248 203 191 177 191 182 153 60 31 191 181 228 201 238 197 233 229 139 84 114 78 190 244 116
1 23 82 172 172 159 172 239 248 185 160 180 186 138 52 28 61 213 152 222 219 228 188 243 255 204 216 204 77 176 212 80
18 2 121 234 215 175 174 240 250 190 169 191 238 198 44 27 76 211 138 227 187 120 110 210 238 176 194 249 80 190 221 75
7 17 107 227 205 166 158 236 252 180 160 186 234 182 54 31 82 127 117 220 146 34 20 177 229 88 138 232 85 187 214 60
19 26 114 225 204 168 161 234 249 174 155 180 236 201 64 1 11 48 108 224 143 32 28 168 230 164 191 244 99 213 210 50
13 6 92 190 187 176 182 248 254 190 174 185 201 157 53 23 22 21 118 237 181 64 26 173 250 211 201 227 123 213 185 62
17 15 109 147 157 165 177 230 240 185 178 155 166 135 51 24 16 25 171 246 242 160 41 168 220 104 62 136 201 249 150 37
15 37 129 189 187 191 198 245 253 208 203 205 218 194 98 33 8 58 212 196 206 232 101 192 239 69 20 38 134 160 155 72
24 76 148 169 162 170 185 233 244 190 177 167 170 157 95 44 31 132 237 151 97 175 98 166 239 107 57 66 65 102 229 136
58 143 183 173 173 192 207 243 248 204 198 195 198 202 168 100 58 189 218 93 23 74 54 128 229 198 170 165 164 202 242 97
55 154 165 167 170 184 178 187 190 169 186 165 152 162 161 98 33 157 112 44 30 37 17 79 158 192 195 198 183 186 144 40
BB
16 32
48 36 71 91 101 93 62 68 86 82 87 94 81 63 52 49 63 57 64 41 58 63 71 92 79 86 86 80 95 73 104 92
36 81 90 91 169 136 73 62 62 62 118 158 102 84 77 58 61 65 99 125 123 134 103 126 131 121 83 91 81 120 181 130
70 60 61 149 214 163 64 42 42 73 176 218 154 185 171 75 94 189 234 223 225 224 231 225 241 155 129 120 83 158 242 163
86 76 55 128 221 195 128 127 93 81 186 233 156 193 207 114 93 143 192 236 251 207 184 205 173 152 194 221 113 169 247 169
55 66 52 106 225 234 222 244 170 90 168 229 142 139 172 128 79 54 98 196 211 112 82 61 86 60 187 229 135 169 240 165
46 20 46 139 227 223 181 184 163 150 214 235 205 184 191 139 89 81 140 214 240 202 154 169 151 104 163 229 128 166 245 162
64 58 89 138 224 191 107 86 129 191 246 245 238 211 206 153 89 85 176 245 229 219 227 241 225 127 187 238 120 160 248 164
75 90 115 155 228 192 129 120 142 161 205 244 179 164 159 119 89 127 211 217 160 141 171 237 194 130 194 217 127 155 244 170
67 125 189 223 247 225 202 197 125 86 141 229 173 154 215 154 98 177 240 183 119 86 152 244 171 111 192 230 113 142 244 156
86 169 231 219 203 213 234 250 162 95 131 211 189 233 214 123 93 174 188 195 196 165 194 233 152 108 192 235 139 158 247 157
84 166 228 170 114 117 165 226 156 75 106 192 240 232 157 92 91 103 88 163 231 243 243 204 111 98 188 229 138 158 239 146
85 159 227 151 79 74 140 234 167 70 92 181 253 194 145 98 95 74 73 93 173 242 245 163 82 95 168 191 129 171 252 152
79 156 234 167 116 118 172 235 157 85 127 211 250 158 156 152 104 61 87 100 179 225 204 128 78 84 107 109 95 166 253 157
66 149 244 215 198 196 215 234 172 156 200 235 242 196 191 198 108 72 122 197 243 206 138 92 85 80 78 93 111 182 249 160
64 149 234 221 203 201 221 251 217 210 205 168 198 253 247 179 100 132 196 234 204 144 85 74 91 89 98 144 192 221 237 154
46 120 160 123 72 72 111 172 153 143 125 81 112 184 209 130 91 124 190 181 120 99 87 90 91 76 86 142 206 199 181 116
DD
16 32
12 23 34 19 41 27 21 29 21 10 24 20 32 74 66 72 64 81 62 80 73 95 71 74 82 101 89 101 89 93 94 76
36 105 101 99 96 100 32 69 66 78 79 67 118 125 95 55 78 111 130 94 80 127 113 124 129 131 137 142 132 136 130 54
87 214 211 225 231 254 42 164 211 223 205 213 232 206 231 86 96 184 229 125 91 219 218 222 224 228 235 222 216 225 228 69
92 168 150 128 205 240 23 199 252 172 160 197 184 213 190 84 89 172 245 219 119 176 169 209 247 254 198 168 175 182 163 62
58 117 128 29 190 213 38 214 238 73 112 74 72 169 120 67 68 93 175 231 130 128 164 207 247 237 103 70 122 155 106 68
91 191 215 30 218 198 16 194 242 105 233 120 153 246 145 71 67 60 100 128 113 197 231 209 224 254 156 116 182 228 133 85
76 221 218 27 229 178 39 204 250 112 236 195 219 236 92 62 93 116 120 135 115 193 177 159 180 231 245 210 221 183 81 56
43 231 200 44 246 173 40 200 240 75 149 254 248 193 76 69 118 229 230 239 127 135 166 218 226 185 250 252 222 75 66 50
37 248 216 141 254 201 92 210 250 68 81 242 254 155 73 66 110 176 221 247 124 184 227 185 167 166 250 254 251 155 70 80
38 204 188 189 216 251 159 206 238 76 116 239 252 218 83 56 62 76 178 242 127 119 134 145 185 233 250 250 196 254 169 94
43 73 83 111 111 254 139 225 254 91 199 245 203 242 142 76 74 51 169 254 134 129 193 236 206 156 213 254 98 205 219 98
70 99 141 157 120 254 122 212 250 149 254 185 129 242 213 71 70 73 180 254 139 211 209 181 176 123 232 226 47 134 139 70
118 212 191 189 160 254 155 221 254 172 206 111 107 171 172 74 71 73 182 242 157 150 84 42 200 226 244 148 56 73 85 75
74 118 84 73 148 240 120 228 248 162 177 141 147 142 128 91 87 142 240 234 239 179 148 115 208 191 156 114 133 131 129 99
30 30 112 135 213 242 108 207 237 216 250 234 218 240 235 144 104 228 223 134 176 209 231 218 217 211 227 209 222 237 229 144
18 20 140 200 185 174 85 148 192 176 163 189 179 179 172 114 74 187 99 77 69 104 147 178 188 184 202 186 191 180 179 88
BB
16 32
23 20 13 53 83 34 20 26 14 25 95 70 17 23 21 21 20 21 30 23 28 37 21 13 24 33 6 25 10 80 95 20
24 20 37 118 204 60 23 18 38 32 209 135 79 143 39 18 50 148 142 142 138 148 151 141 161 38 28 37 17 182 206 39
25 16 35 156 248 85 32 29 20 36 253 189 103 230 99 22 63 249 228 253 244 231 251 237 228 68 146 119 27 228 252 43
25 26 20 167 251 168 135 144 63 25 247 209 45 204 155 36 41 102 138 254 215 104 101 104 109 69 247 193 20 216 252 51
26 26 31 176 238 242 223 209 93 29 240 223 45 141 151 52 22 22 133 254 180 68 60 62 49 64 244 195 31 220 252 48
28 27 25 158 250 136 101 97 131 149 252 237 205 212 197 86 39 29 189 248 225 204 204 204 140 55 251 208 30 215 251 53
30 38 33 156 251 80 34 39 154 214 240 251 179 173 153 63 25 73 251 221 183 177 204 251 170 54 251 206 25 214 250 46
32 84 95 194 252 143 98 95 97 107 191 254 76 163 177 49 37 183 249 141 70 55 172 249 114 66 251 200 30 228 251 50
33 183 217 237 253 226 218 215 55 26 160 253 95 229 217 49 70 244 207 150 97 47 213 245 66 61 249 200 30 223 251 53
35 207 244 144 143 145 217 251 44 41 127 251 183 252 122 25 61 168 131 199 222 145 250 198 45 65 250 215 38 213 250 54
38 207 233 53 52 53 187 251 64 35 86 251 249 214 61 31 41 64 50 129 241 236 250 117 37 76 236 197 50 227 250 62
40 213 233 39 39 41 183 250 54 37 91 246 249 113 96 56 41 41 43 57 199 251 214 42 48 54 169 132 32 230 245 54
42 218 244 116 115 123 212 247 62 70 191 250 250 76 201 135 46 43 40 136 240 223 104 57 40 47 73 57 49 222 248 61
44 201 249 208 237 216 241 249 132 213 224 207 249 191 250 129 40 99 178 238 221 140 48 37 55 59 50 123 122 235 247 58
47 220 231 144 138 146 212 238 156 230 153 98 200 249 241 87 54 154 234 209 127 71 47 39 48 46 48 195 222 235 217 53
49 113 122 67 51 59 112 123 77 112 62 33 105 165 128 32 45 99 148 105 58 42 53 48 57 48 56 138 170 137 98 57
CV
16 32
18 22 2 77 80 22 20 19 28 44 79 66 21 30 23 13 14 14 18 25 15 25 26 12 25 18 20 27 24 29 7 21
18 10 25 184 198 48 23 14 20 69 217 178 15 20 29 16 28 27 21 99 148 160 155 149 152 158 158 149 146 116 28 36
21 75 124 224 236 130 102 35 30 40 237 224 51 16 33 19 27 26 25 187 255 213 214 243 214 221 225 221 249 194 29 27
22 121 225 232 230 220 218 139 185 179 252 236 192 183 178 90 21 24 28 223 251 121 128 195 136 86 109 144 239 208 21 35
29 131 245 198 130 203 244 156 199 199 197 195 206 193 203 96 27 19 38 241 251 39 96 221 201 117 41 95 254 178 31 56
23 125 255 185 165 202 247 73 98 105 105 104 103 100 77 37 26 36 55 243 222 32 53 135 214 158 30 107 254 175 35 45
43 138 251 151 176 183 237 35 135 194 185 188 189 153 37 39 76 185 173 255 255 176 176 174 235 224 191 197 239 229 176 64
87 196 255 178 209 225 245 26 198 252 183 185 255 208 34 41 73 213 238 255 240 219 237 237 221 213 219 247 254 236 219 99
103 223 255 209 189 245 252 27 196 254 95 77 248 213 47 53 56 103 207 246 169 122 175 200 130 114 104 184 248 166 119 61
73 183 248 205 146 205 242 47 196 255 56 38 251 201 44 48 41 41 186 255 119 66 172 230 198 84 59 169 246 126 58 50
47 160 255 181 186 199 239 56 207 240 55 56 254 209 55 58 52 58 224 254 94 44 108 184 233 117 47 189 252 117 46 64
51 174 254 110 215 201 239 60 236 231 55 54 244 218 74 69 55 61 254 254 176 189 169 201 247 205 176 237 244 212 164 81
59 208 245 62 101 201 249 76 254 201 59 64 253 207 142 150 49 89 231 231 222 228 232 230 221 236 211 253 253 216 200 63
73 230 208 57 114 205 245 156 249 155 63 55 238 229 203 172 89 98 144 127 123 129 120 116 172 156 201 254 204 121 118 53
110 250 161 81 184 242 223 216 241 96 82 83 227 250 239 151 87 80 68 68 68 72 66 77 197 189 229 244 143 64 69 58
95 165 82 65 157 175 123 145 148 81 89 85 140 161 160 93 74 70 63 74 63 64 62 70 162 184 172 147 84 66 69 75
BC
16 32
71 70 63 79 98 69 35 29 20 24 60 74 44 29 31 13 29 55 74 67 34 28 35 33 35 32 34 38 35 37 47 25
67 66 72 122 179 157 71 33 19 40 132 171 114 115 90 30 42 105 154 131 54 27 83 166 114 88 157 129 86 139 142 65
78 76 76 129 207 196 86 50 32 27 147 222 150 162 175 68 32 92 199 226 124 45 133 244 151 133 236 170 120 222 189 78
78 85 84 134 221 221 185 164 127 51 144 225 130 133 184 96 38 37 134 218 168 104 174 212 141 171 224 149 155 241 141 37
92 87 95 132 222 239 227 226 156 57 139 227 146 106 140 91 48 29 56 112 96 116 217 174 135 209 191 139 207 206 96 23
92 79 70 118 213 204 128 93 115 146 200 244 214 191 222 162 62 30 29 46 60 131 226 150 156 221 159 152 229 156 58 32
67 54 46 107 200 168 52 33 102 184 229 253 224 173 143 116 60 123 159 144 124 180 232 132 171 230 135 160 246 122 31 41
43 60 97 156 228 202 124 114 103 93 157 217 172 126 188 132 87 179 239 240 172 166 226 148 161 221 152 151 230 151 50 41
43 103 199 222 242 236 217 206 135 42 104 197 173 167 215 110 54 95 154 227 177 132 205 191 144 195 195 139 186 212 107 39
43 125 240 200 153 153 189 223 168 49 77 198 230 222 202 120 96 92 129 216 172 90 169 223 151 167 221 149 147 235 170 58
37 123 225 140 56 53 125 217 157 43 62 183 253 229 171 137 130 114 155 218 179 72 125 220 185 147 211 188 138 202 218 107
39 128 222 131 47 42 102 231 156 85 126 195 253 209 171 158 136 122 187 230 197 80 92 202 217 138 189 225 147 158 243 153
44 127 219 181 119 125 161 230 166 118 182 241 249 214 191 216 168 162 216 249 239 184 114 135 143 86 110 147 97 108 161 119
36 129 248 247 211 222 232 254 192 174 222 234 237 238 236 226 190 222 251 233 233 239 224 207 196 166 183 196 172 208 208 149
47 127 218 198 147 140 185 226 206 195 183 147 184 252 249 214 176 215 235 191 189 214 237 240 246 239 245 249 240 254 246 170
45 82 121 93 63 66 83 120 113 106 98 75 107 165 203 198 174 181 188 170 169 172 180 194 196 184 161 148 145 135 145 107
CA
16 32
35 39 38 31 26 25 32 26 26 29 40 61 61 38 21 19 16 25 35 23 10 16 21 31 14 22 28 23 26 41 41 29
33 39 65 98 111 105 112 108 124 137 147 177 172 121 34 24 18 63 121 100 38 14 65 112 74 60 115 85 61 107 116 59
30 39 100 180 213 202 217 227 251 230 181 180 173 120 44 22 17 105 217 197 87 27 121 211 162 125 216 167 125 201 186 81
42 74 131 171 190 173 178 217 243 194 143 112 110 90 90 59 22 56 132 234 164 69 155 226 137 152 233 140 152 234 146 45
55 133 190 192 199 205 190 228 254 225 200 193 204 189 198 119 32 25 62 144 127 115 198 192 122 189 209 128 188 217 100 27
44 94 147 175 190 185 190 222 247 213 192 189 200 181 158 84 27 25 21 46 53 120 229 147 137 222 161 140 223 167 53 15
37 34 87 170 200 169 180 217 246 211 188 186 200 183 103 50 51 94 102 95 83 159 227 125 166 229 123 162 232 121 34 16
34 37 100 195 221 188 169 217 253 218 193 198 226 221 123 68 94 169 225 230 167 178 219 146 158 222 134 151 223 137 40 18
35 44 108 207 228 188 164 213 248 207 180 188 223 223 126 64 87 137 208 248 181 140 211 188 130 206 182 122 198 196 75 25
50 41 92 199 223 182 171 219 253 215 192 200 228 221 126 59 66 64 124 213 176 120 183 220 144 174 219 135 157 225 141 50
52 47 84 176 205 183 182 227 254 222 198 198 210 188 122 62 78 68 127 229 182 94 147 231 188 141 227 175 119 214 202 78
51 48 99 164 170 172 191 224 241 221 196 185 176 163 109 64 61 73 138 223 188 93 117 210 224 147 193 224 149 174 236 136
55 66 126 192 208 206 199 237 253 235 207 201 202 197 134 63 31 68 158 237 216 145 115 161 168 122 156 182 131 140 197 124
57 91 141 169 178 174 194 231 245 216 180 169 170 166 140 81 67 150 228 238 222 206 177 178 170 146 152 164 152 155 183 142
74 144 197 199 212 220 210 235 246 226 203 200 202 197 192 135 108 179 204 143 138 178 221 230 231 232 231 233 247 250 243 183
74 126 168 172 189 196 185 189 183 168 162 168 169 164 161 115 72 106 112 50 43 78 117 151 160 173 182 172 179 190 188 138
CL
16 32
51 49 52 77 61 56 67 50 56 59 59 60 60 59 57 55 54 55 72 53 59 56 72 68 45 64 64 56 58 70 63 50
55 46 94 148 105 58 62 63 90 78 80 81 81 77 71 64 60 103 116 73 60 60 97 101 69 98 94 81 83 98 87 64
66 81 136 252 161 87 87 146 220 211 218 215 205 227 120 65 71 214 251 134 72 60 202 254 103 184 254 134 144 248 176 56
105 233 238 253 251 225 193 160 214 223 215 239 254 239 128 73 65 125 233 240 107 90 254 224 80 242 234 92 238 254 95 83
109 212 246 253 209 229 192 76 61 72 86 186 253 200 94 64 78 70 169 244 125 146 254 174 150 252 207 132 245 222 85 64
76 103 249 202 140 95 50 81 88 110 185 254 228 112 76 75 75 71 81 103 88 218 232 124 213 254 112 207 253 139 82 69
70 151 241 193 249 149 104 88 136 215 252 253 212 127 101 77 96 113 111 102 103 253 219 98 253 224 102 253 235 94 72 100
97 203 253 164 249 166 119 214 254 249 196 183 243 253 184 99 148 218 227 224 148 251 229 107 253 202 138 253 206 107 83 96
107 247 248 241 254 246 203 233 221 150 113 105 159 226 199 114 136 233 248 252 137 203 253 142 201 253 123 199 250 155 89 95
94 219 203 210 253 229 160 161 176 173 164 162 163 193 167 93 107 101 200 253 137 156 254 187 153 254 186 149 251 217 117 109
90 103 94 133 254 170 112 186 237 237 254 254 232 248 192 107 100 100 206 253 136 107 245 242 133 231 241 133 208 252 155 107
119 132 165 201 253 231 205 131 146 146 234 254 149 139 122 110 126 113 206 250 135 114 197 254 176 176 247 202 142 248 247 114
143 244 247 242 252 237 205 94 113 115 230 254 115 110 110 107 102 135 216 245 177 136 154 238 204 132 244 211 133 239 234 134
138 203 184 189 248 180 127 120 131 136 228 249 137 131 129 121 135 213 248 245 245 188 164 176 148 135 190 150 141 191 163 142
122 113 110 159 250 171 152 230 224 221 253 253 221 224 216 166 173 251 220 187 226 238 253 251 245 241 233 243 243 248 248 170
118 132 121 165 229 181 180 227 241 232 234 229 229 238 238 165 145 223 153 130 140 182 209 219 231 235 234 250 241 239 243 146
DD
16 32
20 23 24 24 23 22 21 21 23 24 25 26 26 26 32 23 20 26 29 25 22 23 24 24 24 25 25 25 25 25 35 29
29 39 48 54 57 59 40 41 43 45 47 49 50 50 48 36 31 39 44 39 34 35 54 54 54 54 55 55 55 55 51 41
30 138 223 232 249 245 135 99 167 206 207 199 198 199 200 140 43 91 187 136 51 119 199 219 211 212 222 213 208 207 211 106
40 101 160 151 177 228 137 128 240 242 201 218 229 227 216 137 54 106 210 217 131 114 182 187 221 247 213 183 188 174 181 93
15 42 103 75 112 218 115 113 217 146 58 48 35 84 96 56 20 38 112 201 160 82 60 138 222 248 164 50 36 81 83 34
38 118 209 121 116 200 116 129 239 185 158 143 84 177 187 82 31 35 36 83 101 113 218 220 219 231 180 88 113 214 195 91
15 121 219 114 133 214 105 115 222 172 182 224 173 225 157 49 29 68 58 56 65 124 195 140 140 207 230 215 214 201 118 49
24 142 218 114 146 210 105 121 232 142 95 212 249 232 120 42 62 156 226 238 140 85 78 159 208 214 226 250 224 146 44 34
32 148 216 159 183 216 126 139 237 138 39 155 244 194 77 27 74 157 211 243 175 141 212 233 168 123 191 254 245 173 83 42
33 145 229 229 238 242 216 183 221 138 58 151 250 216 115 46 34 40 97 213 175 96 132 109 131 207 246 245 248 237 180 90
39 77 92 98 110 187 203 177 232 154 115 221 235 240 174 67 41 54 98 213 181 91 110 198 230 191 189 227 177 168 232 147
36 57 85 120 139 196 192 177 224 186 196 209 141 165 231 124 34 36 116 210 198 188 249 211 156 121 159 225 150 68 126 86
92 192 245 228 186 210 174 173 235 209 213 154 68 109 172 124 56 47 114 203 188 126 119 82 134 213 228 201 108 41 44 48
66 115 117 89 109 194 175 156 222 171 127 85 64 85 83 73 43 80 166 238 243 191 123 76 129 206 187 122 79 88 84 75
51 46 66 111 167 223 144 136 229 224 219 229 242 228 228 182 115 171 243 191 168 214 239 217 214 212 209 201 204 222 241 167
36 40 115 197 221 202 99 107 173 184 202 201 190 182 189 141 98 132 154 78 57 85 137 185 214 207 224 226 222 217 218 153
SS
16 32
19 29 49 21 4 20 51 60 15 19 26 37 56 30 26 22 33 27 20 78 64 18 27 24 24 31 18 23 21 36 40 14
20 92 137 94 45 68 138 151 66 22 60 101 149 92 57 18 26 19 46 180 138 29 54 72 77 51 33 53 91 134 105 30
20 132 233 218 147 152 233 253 157 62 130 200 253 184 112 30 25 64 100 253 206 75 136 180 187 120 114 157 212 238 150 28
20 43 151 198 134 164 240 243 174 55 155 206 252 202 104 45 22 130 219 238 226 200 123 207 251 107 182 197 246 193 49 44
24 35 14 72 77 149 227 227 131 80 125 182 244 162 140 28 25 160 245 190 180 250 55 157 240 56 73 70 250 167 25 32
36 133 73 48 137 208 253 253 221 133 210 253 253 226 203 37 31 158 235 171 163 253 50 211 212 43 32 59 252 171 54 30
48 216 215 146 70 216 228 240 204 81 134 249 242 228 112 34 30 176 238 189 183 241 90 250 190 116 81 159 242 205 133 32
49 143 201 199 115 244 193 156 221 134 192 224 167 241 154 66 68 180 234 168 198 250 125 205 238 236 123 203 252 242 185 58
38 40 82 90 171 200 98 53 158 147 247 146 51 199 225 73 113 229 253 189 223 253 109 124 196 240 63 110 252 192 103 41
31 30 35 88 112 164 158 162 152 191 218 163 151 177 117 44 96 212 245 192 201 253 114 181 190 200 42 64 252 165 48 43
31 32 50 231 140 135 253 199 192 180 187 190 244 249 52 43 47 189 231 169 144 253 114 253 230 177 69 81 243 179 66 57
35 36 146 251 163 155 253 173 152 142 147 150 239 253 40 51 45 209 199 209 190 249 84 235 253 136 149 175 249 218 159 83
37 72 214 250 89 133 253 215 179 194 192 177 245 253 43 45 44 209 201 109 157 252 70 190 250 133 180 194 209 196 199 116
40 150 251 181 42 141 253 190 152 146 153 159 243 252 49 41 67 247 161 62 135 251 89 207 250 205 178 139 128 125 134 74
41 195 245 88 41 153 251 201 196 195 188 185 250 246 56 51 113 249 94 149 198 247 146 232 168 215 222 216 198 200 201 104
43 108 158 45 44 119 198 165 161 165 160 153 194 189 57 48 101 180 53 178 191 173 126 162 59 106 152 189 180 190 192 96
NO
16 32
18 18 18 18 18 18 17 17 17 17 17 17 17 17 17 17 17 17 17 17 17 17 17 17 17 17 17 17 17 17 17 17
18 18 18 18 18 18 17 17 17 17 17 17 17 17 17 17 17 17 17 17 17 17 17 17 17 17 17 17 17 17 17 17
18 18 18 18 18 18 17 17 17 17 17 17 17 17 17 17 17 17 17 17 17 17 16 17 18 19 19 17 16 14 17 16
18 18 18 18 18 18 17 17 17 17 17 17 17 17 17 17 17 17 17 17 17 17 17 17 18 18 18 17 16 15 17 16
18 18 18 18 18 18 17 17 17 17 17 17 17 17 17 17 17 17 17 17 17 17 18 18 17 17 17 17 16 16 17 16
18 18 18 18 18 18 17 17 17 17 17 17 17 17 17 17 17 17 17 17 17 17 18 18 17 17 16 16 17 17 17 16
18 18 18 18 18 18 17 17 17 17 17 17 17 17 17 17 17 17 17 17 17 17 18 18 17 17 16 16 17 17 17 16
18 18 18 18 18 18 17 17 17 17 17 17 17 17 17 17 17 17 17 17 17 17 18 18 17 17 17 17 16 16 17 16
18 18 18 18 18 18 17 17 17 17 17 17 17 17 17 17 17 17 17 17 17 17 17 17 18 18 18 17 16 15 17 16
18 18 18 18 18 18 17 17 17 17 17 17 17 17 17 17 17 17 17 17 17 17 16 17 18 19 19 17 16 14 17 16
17 17 18 19 18 17 18 18 18 18 18 18 18 18 16 16 16 16 16 16 16 16 17 17 17 17 17 17 17 17 17 16
17 17 18 19 18 17 18 18 18 18 18 18 18 18 17 17 17 17 17 17 17 17 17 17 17 17 17 17 17 17 17 16
17 17 18 19 18 17 18 18 18 18 18 18 18 18 17 17 17 17 17 17 17 17 17 17 17 17 17 17 17 17 17 16
17 17 18 19 18 17 18 18 18 18 18 18 18 18 18 18 18 18 18 18 18 18 17 17 17 17 17 17 17 17 18 17
17 17 18 19 18 17 18 18 18 18 18 18 18 18 18 18 18 18 18 18 18 18 17 17 17 17 17 17 17 17 18 17
17 17 18 19 18 17 18 18 18 18 18 18 18 18 17 17 17 17 17 17 17 17 17 17 17 17 17 17 17 17 19 17
AV
16 32
68 55 57 60 88 80 19 31 33 21 69 56 28 49 62 60 53 60 65 48 55 53 50 62 85 94 88 87 93 85 102 90
54 74 92 62 122 167 86 30 25 53 141 155 78 56 52 57 61 58 57 78 107 112 115 124 137 140 138 144 143 127 107 86
62 123 170 124 189 223 118 67 86 110 189 223 124 104 105 76 57 50 60 132 202 225 234 230 232 233 229 227 235 213 141 91
58 129 202 187 198 226 160 177 226 218 246 249 225 218 218 134 73 56 56 147 247 219 197 204 208 189 183 202 235 231 144 86
43 65 108 121 184 218 154 143 164 180 234 226 202 170 172 113 73 59 53 154 250 156 114 171 201 144 102 121 204 215 141 89
52 73 109 136 221 219 100 36 36 79 187 214 120 64 74 62 53 49 65 182 242 156 112 167 223 194 134 110 213 217 150 94
67 147 206 219 230 224 110 89 128 145 211 239 178 141 136 89 63 89 128 213 232 188 144 151 195 213 191 167 222 222 176 113
74 156 175 122 184 218 137 157 233 219 217 214 218 223 203 103 81 172 229 252 254 245 232 239 248 239 234 245 251 255 241 169
51 67 76 42 132 178 112 143 205 144 120 140 126 125 129 86 58 104 174 246 230 202 193 222 197 177 175 208 231 242 187 137
72 98 129 133 149 151 164 216 233 191 156 134 159 153 150 99 36 22 110 225 191 111 146 217 185 142 105 126 222 211 110 93
70 151 202 204 215 229 249 234 242 252 228 216 213 244 228 132 53 23 128 236 184 103 126 197 225 183 106 155 228 177 119 83
39 68 99 119 168 227 228 158 175 226 183 138 177 213 173 62 25 32 159 245 188 145 135 163 220 206 144 189 244 210 147 117
48 101 160 192 234 229 151 67 87 181 228 208 222 194 117 35 37 47 160 241 243 231 234 233 240 240 237 244 252 247 213 112
45 136 190 188 229 232 151 116 139 150 197 245 217 175 106 40 39 39 96 140 134 167 183 175 186 186 212 241 241 207 167 124
68 83 91 115 211 255 219 211 211 132 111 168 222 226 196 105 46 30 26 19 20 61 90 89 150 175 187 234 211 97 89 76
48 42 64 131 190 192 165 140 108 71 66 73 122 167 189 109 31 27 23 23 19 12 75 89 154 217 216 212 139 84 90 88
CLT
16 32
10 6 24 32 30 39 32 28 29 34 35 31 33 38 35 31 25 31 42 35 23 23 27 38 34 30 38 33 26 35 40 24
28 25 72 115 122 123 122 136 143 136 128 128 128 124 73 33 22 76 124 103 49 22 69 121 90 71 119 98 64 114 112 53
30 33 109 186 204 197 199 231 242 221 204 207 205 192 105 30 18 124 219 191 97 39 131 217 164 132 214 179 123 207 188 89
35 79 140 166 183 179 170 209 248 203 181 171 166 175 146 76 35 58 141 232 171 84 165 218 148 158 230 148 152 235 156 57
39 147 230 217 206 197 202 227 253 214 197 202 199 214 235 134 28 15 64 143 125 108 200 193 124 195 211 129 194 217 115 44
26 146 223 186 180 180 165 192 243 188 167 179 168 178 231 138 23 13 12 30 45 119 224 157 131 227 170 137 231 167 61 26
57 144 194 159 174 181 140 179 243 179 153 174 158 152 202 115 26 79 107 96 83 162 225 139 167 232 136 166 237 126 41 28
39 90 129 128 172 194 146 184 236 168 149 186 173 143 115 87 77 168 229 227 172 190 223 157 173 225 147 167 223 147 59 42
17 43 92 124 166 189 158 190 225 171 159 190 177 124 40 52 92 138 197 241 184 143 218 194 150 212 192 144 201 206 89 48
15 28 97 159 168 157 151 183 211 178 158 167 175 127 92 40 50 41 119 223 179 92 184 224 156 184 227 151 171 231 147 67
20 10 101 213 224 200 188 221 245 222 191 190 234 217 117 37 63 47 121 222 177 82 141 235 190 153 234 182 144 216 214 102
17 19 102 213 203 154 138 197 248 196 143 168 225 214 109 48 46 53 117 222 186 75 115 199 229 166 201 231 163 179 234 164
25 7 87 217 234 197 202 221 253 230 197 203 235 219 115 41 43 81 155 236 210 144 123 172 180 135 169 189 137 153 201 148
49 31 97 211 219 171 155 201 247 205 158 168 220 222 122 49 75 160 225 241 223 225 178 192 174 145 161 165 144 164 180 131
55 47 108 212 230 194 193 222 248 210 184 198 232 218 103 52 97 195 223 174 149 194 228 240 235 235 239 237 241 253 250 176
50 52 99 171 189 166 161 144 154 155 161 156 168 160 94 70 97 146 142 88 64 98 135 160 175 197 202 189 185 174 177 129
CVL
16 32
15 17 35 100 50 20 23 36 24 17 28 29 26 28 22 18 27 20 19 31 13 32 26 19 29 26 25 28 26 35 15 25
28 21 85 193 114 32 26 78 134 148 137 136 133 136 74 32 23 33 22 104 145 165 152 154 155 155 159 154 150 117 28 41
55 145 193 255 201 135 132 147 245 236 212 232 245 240 103 28 18 31 26 192 253 217 210 246 215 218 226 225 251 193 26 28
80 240 240 251 255 240 199 63 98 101 107 191 241 239 69 14 44 28 27 226 246 123 123 197 136 94 112 143 238 209 23 32
47 106 254 215 120 121 87 21 24 32 107 219 254 110 33 37 18 20 41 246 254 37 91 218 202 112 43 90 249 181 27 44
25 71 254 184 197 95 27 27 72 147 219 255 205 65 23 28 40 34 54 244 222 30 49 132 213 152 26 101 254 175 30 36
29 172 239 125 252 124 57 131 192 235 226 220 235 193 121 32 58 182 170 255 252 173 174 173 233 224 187 197 243 229 173 62
55 224 247 189 254 198 164 228 245 176 101 86 176 240 185 51 80 211 236 255 237 218 238 237 218 218 215 249 254 234 216 99
52 249 239 214 249 236 159 157 166 126 91 87 113 169 151 39 46 100 206 244 164 118 174 199 124 112 93 181 251 159 111 56
29 89 81 152 254 174 76 137 220 208 213 228 201 220 161 47 37 35 184 252 111 59 168 226 189 75 47 162 245 121 50 42
44 57 61 149 251 175 134 125 145 167 226 244 161 178 112 35 42 47 220 253 86 34 103 181 226 109 42 183 254 116 37 49
85 192 196 217 254 249 195 42 69 62 237 255 65 63 53 40 48 48 251 254 170 180 166 201 245 198 176 231 236 209 150 54
82 217 195 196 248 187 80 36 44 53 214 254 60 35 40 45 49 78 227 225 225 219 230 224 220 232 211 254 254 215 196 58
59 98 72 131 247 135 85 144 140 137 240 254 147 149 150 79 34 65 120 104 110 107 106 101 166 144 193 254 200 115 110 47
39 45 30 112 254 131 122 236 228 229 254 253 226 235 231 117 53 44 42 43 55 52 56 67 196 189 230 246 144 61 64 53
37 38 41 78 163 89 72 128 126 125 131 120 126 128 136 69 45 49 48 56 57 52 61 65 163 181 168 143 77 56 58 65
AADG
16 32
6 8 11 12 9 7 1 3 1 8 21 21 9 5 13 10 10 11 10 10 16 24 35 23 30 21 16 23 10 5 17 13
11 22 36 43 42 38 35 15 4 35 87 96 52 9 12 6 8 23 42 53 59 63 52 44 65 55 38 47 42 42 35 28
15 91 206 225 212 222 129 40 3 40 165 207 83 7 9 15 13 141 225 229 229 251 139 103 186 204 203 204 187 205 193 124
11 101 236 216 204 243 182 83 29 59 166 207 111 45 28 47 25 93 159 159 184 228 147 132 245 240 207 227 223 227 224 138
0 101 226 130 126 214 230 226 242 243 246 255 244 241 244 172 44 36 83 47 103 205 124 122 215 151 70 50 33 82 78 33
18 110 235 136 142 209 137 145 209 255 221 175 166 171 160 105 47 117 208 111 119 212 122 146 238 198 170 130 85 180 197 60
14 87 227 181 179 175 53 17 110 215 157 47 16 26 22 7 13 118 218 112 117 202 114 137 220 186 195 210 176 227 154 36
20 107 233 178 166 184 54 5 123 243 196 124 115 126 87 29 17 124 210 110 130 215 118 140 225 152 114 211 255 226 101 15
11 117 227 141 119 214 115 13 114 240 240 238 244 239 185 69 21 135 222 149 167 220 131 152 236 149 62 165 250 186 85 20
21 106 217 135 90 202 156 37 146 243 160 106 146 221 172 68 24 135 235 219 242 246 207 193 232 155 79 162 255 213 114 39
17 107 227 152 100 196 168 76 172 211 103 29 98 207 173 54 25 61 90 86 97 181 196 182 239 165 131 223 228 244 181 74
31 113 222 192 190 242 151 102 215 185 66 38 100 207 164 55 27 38 74 113 127 182 187 179 231 198 213 220 146 173 221 110
12 107 221 194 181 184 108 158 230 134 43 47 118 224 152 42 91 188 241 231 178 205 180 175 237 212 217 166 86 123 191 117
21 128 237 131 29 36 123 231 196 72 37 46 138 234 158 18 48 112 110 83 88 194 161 145 230 191 147 113 96 102 75 64
13 99 230 131 33 139 222 222 111 35 102 167 225 239 126 19 23 34 51 106 151 225 137 129 236 236 221 235 254 231 238 186
36 91 211 132 28 126 194 95 42 27 118 219 227 185 89 26 14 21 92 201 219 200 89 100 179 197 210 205 198 190 194 148
NO
16 32
192 194 196 196 195 193 192 190 189 188 188 189 192 194 196 195 194 193 192 191 190 190 191 192 193 194 195 195 194 193 192 189
193 194 196 195 194 192 190 189 189 189 190 191 193 195 196 194 193 192 190 190 190 191 192 194 194 195 195 194 193 191 191 189
194 195 195 194 192 190 189 189 189 191 192 193 194 195 195 192 191 190 189 189 190 192 193 195 195 195 194 193 191 190 189 189
195 194 193 192 190 189 188 188 190 192 194 195 195 194 194 190 189 188 187 188 190 193 194 196 195 194 193 192 190 189 188 190
195 193 192 190 189 189 188 189 191 193 195 195 194 193 192 189 188 188 188 189 191 193 195 195 194 193 192 190 189 189 188 191
193 191 190 189 189 189 190 191 192 193 194 194 192 191 189 188 188 189 190 191 192 193 194 193 192 191 190 190 190 190 190 193
192 190 188 188 189 191 192 193 193 193 193 192 190 188 187 187 188 190 192 193 193 193 193 191 190 189 189 189 190 191 192 194
190 188 187 187 189 192 194 194 194 193 192 191 189 187 186 187 189 191 193 194 194 193 193 189 189 188 188 189 191 192 193 194
187 186 186 187 189 192 194 192 191 190 189 187 187 187 187 190 190 192 193 193 192 191 190 186 187 187 188 189 191 193 194 192
187 187 187 189 191 192 193 192 191 189 188 187 187 188 188 191 191 192 192 192 191 190 189 187 187 188 189 191 192 192 193 190
187 188 190 191 192 192 193 191 190 188 187 187 188 189 190 192 192 192 191 191 189 188 187 187 188 190 191 192 192 192 191 187
188 190 192 193 193 192 191 190 189 187 186 187 189 191 192 192 192 191 190 189 188 186 186 188 189 191 192 193 192 190 189 186
189 191 192 193 192 191 189 188 187 187 187 188 189 191 193 191 191 190 188 187 187 186 186 189 190 192 192 192 191 189 188 186
190 191 192 192 190 188 187 187 187 187 188 189 190 191 192 189 188 188 187 186 186 187 187 190 191 191 191 190 189 187 186 186
191 191 191 190 188 186 185 185 186 188 189 190 190 190 190 186 186 185 185 186 187 188 189 191 191 190 189 188 187 186 185 186
192 191 190 188 187 185 184 185 186 188 190 191 191 190 189 185 184 184 184 185 187 189 190 192 191 189 188 186 185 185 185 185
