recognize
6
16 32
54 56 59 82 97 73 55 60 55 60 94 112 60 58 53 56 54 60 45 47 30 25 30 28 47 35 24 27 27 29 30 27 
61 62 61 157 225 103 64 57 59 80 195 223 87 61 61 59 64 51 50 67 113 135 131 125 148 127 126 133 130 134 100 28 
55 75 106 214 244 135 102 78 74 79 200 255 134 66 65 69 67 56 48 88 223 248 237 245 233 237 239 237 241 251 177 28 
64 147 241 248 244 251 229 174 158 161 205 252 207 163 165 144 67 52 42 103 248 229 135 167 197 141 131 128 184 255 189 22 
67 149 248 199 172 209 237 221 247 240 241 243 236 241 245 210 57 49 38 114 254 187 46 156 230 160 63 21 127 254 178 27 
78 157 250 224 177 187 236 153 128 133 136 133 138 133 130 111 54 48 16 141 255 171 50 70 180 247 158 22 140 255 162 26 
81 159 249 202 220 206 235 125 122 171 173 172 170 174 109 63 56 99 115 194 255 194 121 100 138 218 165 106 184 255 193 117 
110 190 247 193 189 212 237 133 163 252 243 233 248 249 134 56 49 188 255 252 253 249 251 252 245 243 250 251 250 254 250 252 
159 241 249 236 223 241 238 135 163 251 179 130 202 254 112 55 54 109 162 234 254 163 142 197 179 148 146 145 210 254 192 154 
136 208 251 226 196 221 235 146 172 251 161 94 190 254 98 58 34 43 87 232 247 46 85 232 206 114 49 45 177 253 157 109 
113 178 251 217 191 205 236 148 183 252 170 110 193 252 100 58 44 51 100 255 218 35 73 149 237 227 92 55 195 251 159 115 
116 193 247 195 234 226 238 155 196 248 164 111 196 255 117 50 47 54 127 255 206 96 95 96 164 219 123 113 220 253 167 115 
126 197 246 148 177 212 239 158 213 237 147 114 193 252 129 135 71 52 169 255 251 252 251 251 245 250 247 247 251 251 246 209 
122 211 237 130 125 188 237 179 226 219 126 114 187 253 134 224 102 59 154 163 171 174 172 175 180 174 185 228 251 230 198 175 
144 236 201 134 166 223 236 216 241 185 117 114 168 255 198 223 85 68 79 46 68 68 66 65 104 153 178 229 255 179 130 131 
145 226 170 134 196 232 206 205 223 137 121 94 131 222 236 179 68 93 46 61 67 60 66 54 114 241 244 240 209 142 136 139 
16 32
55 56 51 67 100 83 62 57 58 60 73 108 79 52 57 54 58 61 55 42 44 21 32 29 32 49 25 30 29 29 32 29 
58 61 56 92 213 173 66 65 65 60 140 227 156 59 59 61 65 58 53 50 90 128 130 134 140 132 124 132 125 132 128 53 
61 63 87 155 252 198 101 97 74 66 123 255 203 80 66 66 69 66 50 50 158 247 244 234 240 240 239 235 238 247 246 81 
68 75 220 252 244 247 248 193 166 169 163 248 235 176 165 168 97 59 52 44 189 255 156 148 196 166 129 131 134 240 243 74 
73 81 231 234 188 170 239 214 238 246 240 244 239 239 244 247 126 46 47 34 216 254 84 100 211 209 113 28 33 223 246 73 
81 90 234 232 216 152 235 200 132 133 136 136 139 134 129 129 81 43 40 39 244 235 96 49 126 230 226 79 36 238 232 72 
89 92 236 214 220 202 235 196 98 157 176 173 175 176 149 79 56 73 115 132 252 233 152 109 114 173 217 124 126 247 239 144 
94 134 239 222 185 195 235 199 122 219 255 237 246 255 209 74 50 104 246 250 253 248 255 243 251 246 245 251 249 253 249 255 
115 210 250 248 225 226 248 198 121 221 232 131 160 244 203 61 66 55 148 201 255 213 136 173 201 151 147 148 156 253 230 169 
111 166 249 236 212 190 250 197 125 222 231 103 129 243 200 49 57 35 47 166 255 146 26 171 238 159 70 40 91 252 211 122 
113 118 242 235 214 167 233 204 135 227 229 118 144 242 200 58 46 49 50 197 253 122 37 111 197 252 171 50 108 255 212 128 
121 132 249 210 220 222 235 204 146 240 219 115 152 244 206 61 48 56 65 219 250 140 92 94 117 217 174 92 163 255 216 135 
122 143 253 193 159 187 238 210 160 248 205 109 145 245 203 114 112 51 96 235 255 249 251 247 247 247 246 247 249 251 247 241 
112 162 252 177 114 148 237 202 184 252 170 106 142 238 202 168 181 58 100 170 165 177 170 174 172 179 173 208 245 248 208 192 
112 197 239 156 139 188 240 218 228 228 141 117 118 233 234 216 163 56 92 51 62 74 64 75 74 141 158 196 250 231 142 135 
115 195 214 130 156 227 219 188 223 182 119 112 91 192 233 228 107 78 75 46 68 60 64 64 60 189 246 244 235 175 132 135 
16 32
54 55 56 68 71 68 61 57 58 61 74 76 60 54 57 55 53 54 53 44 30 20 32 18 45 35 18 25 26 23 25 30 
61 58 62 145 195 102 59 61 62 82 173 195 81 56 65 59 60 55 49 55 79 90 96 86 112 88 89 91 89 93 76 23 
60 69 84 201 251 119 77 77 69 81 205 255 120 67 65 64 69 55 47 85 206 234 227 230 231 228 227 228 232 237 172 23 
62 135 219 243 246 225 206 144 127 132 191 248 177 128 131 112 71 49 42 103 244 240 174 197 204 179 177 171 212 255 189 29 
64 153 255 218 200 225 236 212 249 244 243 246 247 245 249 211 61 49 37 114 253 191 51 160 218 127 51 29 131 255 170 28 
80 160 252 206 156 184 237 173 160 162 160 160 162 159 164 139 53 55 19 137 255 183 52 103 215 246 148 23 131 255 161 30 
83 155 248 217 219 203 237 131 108 141 143 143 141 142 99 69 47 79 66 175 255 176 83 65 115 218 152 70 165 255 179 75 
101 175 248 187 193 211 238 129 161 248 246 245 248 245 131 58 52 188 245 249 254 249 241 241 237 244 244 242 243 253 250 242 
151 234 254 224 209 239 237 134 169 253 200 161 215 249 116 52 52 136 193 239 255 194 178 205 198 181 183 182 219 255 210 183 
143 229 254 229 213 235 233 148 166 254 166 96 190 251 101 60 43 47 93 229 252 66 96 215 190 92 56 60 178 255 159 111 
108 184 252 211 173 195 237 146 175 247 168 106 198 251 93 56 40 48 95 247 228 29 79 191 246 210 87 53 186 255 162 117 
115 185 253 204 224 216 235 152 198 247 165 111 195 255 115 45 50 44 118 255 202 69 74 80 178 231 106 88 215 254 156 105 
124 200 249 159 204 221 240 161 208 239 153 114 198 255 124 97 64 53 161 255 243 224 222 216 230 239 218 223 246 251 235 186 
125 209 239 132 128 194 237 167 223 228 136 114 192 253 131 217 98 54 172 203 206 212 210 207 212 204 209 237 253 236 222 193 
137 226 212 129 155 211 239 207 237 200 114 114 178 252 176 222 88 74 92 68 83 84 80 90 102 141 158 218 253 192 142 137 
153 235 177 136 197 238 221 217 234 149 120 101 145 244 244 195 73 90 53 46 68 59 62 56 115 238 238 247 231 154 129 137 
16 32
55 55 55 64 71 71 62 56 60 57 64 77 71 55 53 57 57 59 55 44 44 21 18 31 24 47 22 21 28 27 25 28 
59 61 55 93 182 157 63 63 63 64 122 205 134 61 60 59 63 61 51 46 67 85 93 95 97 103 84 91 92 94 92 41 
60 63 76 128 246 191 85 78 70 68 131 255 194 78 65 63 65 64 53 52 145 231 230 225 239 224 232 230 226 233 228 77 
65 73 199 231 249 236 217 170 134 125 140 242 219 145 122 131 89 60 51 45 182 255 197 180 204 192 170 173 178 244 255 80 
73 81 231 238 208 193 251 211 238 247 245 247 244 245 242 245 128 47 49 38 208 254 88 96 205 176 85 39 44 223 243 72 
78 88 234 221 196 138 228 199 161 163 160 164 162 162 157 163 93 48 50 36 239 240 95 68 163 245 208 71 33 237 234 72 
86 91 231 225 231 196 232 195 95 130 146 140 143 145 125 85 55 61 79 90 247 231 122 71 76 169 214 97 80 243 229 107 
96 120 241 215 193 191 235 193 116 218 252 245 247 253 205 76 48 101 237 247 253 254 245 240 241 238 245 239 244 251 251 251 
116 196 251 243 209 213 247 193 119 221 236 169 186 248 208 62 60 73 176 217 255 227 174 196 206 185 182 183 183 255 235 195 
118 188 247 243 225 213 243 195 124 228 232 105 134 240 197 56 58 37 60 164 255 159 44 157 231 135 63 60 93 251 214 126 
106 120 242 228 204 164 234 197 133 223 225 114 146 238 194 56 47 52 46 192 255 124 27 144 222 250 151 50 103 255 211 128 
116 126 248 214 225 211 237 201 147 236 220 119 146 237 201 62 42 51 64 212 252 124 61 74 116 224 181 67 148 255 213 128 
122 141 252 195 178 214 240 208 155 240 201 115 146 239 203 98 80 56 88 235 255 229 221 221 219 242 230 215 239 250 243 220 
114 158 251 186 119 148 240 203 174 252 169 115 143 240 197 157 178 52 104 199 201 213 205 213 203 205 207 226 251 252 224 215 
110 190 241 160 132 180 238 216 222 236 146 109 134 234 221 203 162 62 95 71 75 86 82 88 88 130 143 189 248 234 158 139 
119 204 221 138 156 224 232 207 235 197 119 120 100 209 245 239 124 67 80 42 63 63 66 54 66 190 235 245 245 191 132 133 
16 32
55 53 53 62 65 54 59 52 57 57 61 67 49 61 54 56 55 54 45 42 36 23 26 27 36 42 19 25 23 26 29 27 
59 59 58 118 162 90 59 64 59 72 142 165 68 60 62 63 61 61 46 54 48 57 59 59 75 59 53 62 55 57 49 30 
61 60 71 193 247 116 64 71 56 82 213 250 113 53 63 67 63 56 47 81 183 212 209 206 212 206 209 207 207 207 157 23 
63 112 181 240 239 189 177 112 102 101 191 250 165 97 98 90 73 53 51 100 241 249 204 213 225 202 207 202 225 255 185 26 
64 156 255 236 219 243 240 204 224 220 235 253 233 222 227 197 68 43 45 100 253 209 69 148 209 108 66 53 144 255 174 27 
71 153 247 194 142 184 235 188 193 192 194 192 193 192 192 170 55 55 23 132 255 178 50 144 233 235 114 16 129 255 166 23 
77 160 250 226 211 195 240 133 98 122 124 125 127 119 101 77 51 60 42 157 255 176 60 42 125 225 157 44 149 255 165 55 
90 165 248 188 204 214 236 132 151 228 229 230 228 227 125 61 50 167 215 231 254 233 211 205 209 238 220 209 235 253 234 209 
131 218 248 211 197 225 242 137 162 252 219 194 230 251 126 54 50 161 227 245 255 221 214 226 219 214 215 217 236 255 229 217 
154 231 254 237 216 240 239 141 167 248 163 95 193 254 105 61 41 68 111 230 251 91 96 205 178 93 81 83 184 255 169 116 
114 188 251 210 170 205 243 147 171 251 176 100 196 254 97 57 39 44 92 250 234 26 89 209 243 185 66 45 181 255 159 114 
107 183 253 217 214 207 244 154 184 251 168 108 197 252 109 47 51 49 111 255 205 49 59 92 197 237 106 72 206 253 158 109 
117 192 250 167 216 223 243 158 199 244 156 119 195 250 124 71 60 54 151 255 227 177 178 175 199 230 185 190 241 254 209 160 
124 202 247 140 140 201 241 165 215 235 136 116 192 251 127 195 88 57 177 231 234 238 240 237 241 230 240 250 255 244 243 212 
136 220 219 131 133 210 236 203 236 205 113 120 184 255 155 228 97 56 114 87 109 106 105 105 118 134 154 215 255 202 148 150 
155 237 183 131 190 235 235 223 237 157 116 103 150 255 235 212 74 83 55 47 61 60 60 54 113 214 222 246 239 157 131 124 
16 32
13 13 13 13 13 13 13 13 13 13 13 13 13 13 13 13 13 13 13 13 13 13 13 13 13 13 13 14 14 14 15 15 
13 13 13 13 13 13 13 13 13 13 13 13 13 13 13 13 13 13 13 13 13 13 13 13 13 13 13 14 14 14 15 15 
13 13 13 13 13 13 13 13 13 13 13 13 13 13 13 13 13 13 13 13 13 13 13 13 14 14 14 14 14 14 15 14 
13 13 13 13 13 13 13 13 13 13 13 13 13 13 13 13 13 13 13 13 13 13 13 13 14 14 14 14 14 14 15 14 
13 13 13 13 13 13 13 13 13 13 13 13 13 13 13 13 13 13 13 13 13 13 13 13 14 14 14 14 14 14 15 14 
13 13 13 13 13 13 13 13 13 13 13 13 13 13 13 13 13 13 13 13 13 13 13 13 14 14 14 14 14 14 15 14 
13 13 13 13 13 13 13 13 13 13 13 13 13 13 13 13 13 13 13 13 13 13 13 13 14 14 14 14 14 14 15 14 
13 13 13 13 13 13 13 13 13 13 13 13 13 13 13 13 13 13 13 13 13 13 13 13 14 14 14 14 14 14 15 14 
13 13 12 12 12 13 13 13 13 11 11 11 14 15 13 13 13 13 13 13 12 12 13 13 14 14 16 15 13 13 14 15 
13 13 12 12 12 13 13 13 11 12 12 12 14 14 13 13 13 13 13 13 12 12 13 13 14 14 15 14 14 14 13 14 
13 13 12 12 12 13 13 13 11 12 14 14 12 11 13 13 13 13 13 13 13 13 13 13 13 14 13 14 16 16 14 12 
13 13 12 12 12 13 13 13 11 12 14 14 12 11 13 13 13 13 13 13 14 13 13 13 13 13 13 15 16 16 14 12 
13 13 12 12 12 13 13 13 14 14 12 12 12 11 13 13 13 13 13 13 14 14 13 13 12 12 15 14 14 14 13 14 
13 13 12 12 12 13 13 13 15 14 11 11 11 13 13 13 13 13 13 13 14 14 13 13 12 12 16 15 13 13 14 15 
12 12 13 13 13 13 13 13 13 13 12 12 13 13 12 12 12 13 13 13 11 11 12 13 14 14 14 14 14 14 14 13 
12 12 13 13 13 13 13 13 13 13 12 12 13 13 12 12 12 13 13 13 11 12 12 13 13 14 14 14 14 14 14 13 
