recognize
6
16 32
167 168 168 168 168 168 169 169 169 169 169 169 169 169 169 170 170 170 170 170 170 170 170 170 170 170 170 171 171 171 172 172 
168 168 168 168 168 169 169 169 169 169 169 169 169 169 169 170 170 170 170 170 170 170 170 170 170 170 170 171 171 171 172 172 
169 168 168 169 169 169 169 169 169 169 169 169 169 169 169 170 170 170 170 170 170 170 170 170 170 170 170 171 171 171 171 172 
170 169 169 170 170 170 169 169 169 169 169 169 169 169 169 170 170 170 170 170 170 170 170 170 170 170 170 170 171 171 171 171 
172 171 170 171 170 170 170 169 169 169 169 169 169 169 169 170 170 170 170 170 170 170 170 170 170 170 170 170 170 170 171 171 
174 173 172 171 171 171 170 170 169 169 169 169 169 169 169 170 170 170 170 170 170 170 170 170 170 170 170 170 170 170 170 171 
176 175 174 172 172 171 171 170 169 169 169 169 169 169 169 170 170 170 170 170 170 170 170 170 170 170 170 170 170 170 170 170 
177 176 175 172 172 171 171 170 169 169 168 169 169 169 169 170 170 170 170 170 170 170 170 170 170 170 170 169 170 170 170 170 
176 176 177 174 173 173 172 171 171 170 170 169 169 169 169 168 168 168 168 170 170 170 170 170 170 170 170 170 170 170 170 171 
175 176 176 174 174 173 172 172 171 171 170 169 169 169 169 169 168 168 168 170 170 170 170 170 170 170 170 170 170 170 170 170 
175 175 175 174 174 173 173 172 172 171 171 170 170 169 169 169 169 168 168 170 170 170 170 170 170 170 170 169 169 170 170 170 
173 174 174 174 174 173 173 173 172 172 172 170 170 170 169 169 169 169 169 170 170 170 170 170 170 170 170 169 169 169 170 170 
172 172 172 173 173 173 173 172 172 172 172 170 170 170 170 170 169 169 169 170 170 170 170 170 170 170 170 169 169 169 169 169 
171 171 171 172 172 172 172 172 172 172 172 171 171 170 170 170 170 169 169 170 170 170 170 170 170 170 170 168 168 169 169 169 
170 170 170 170 170 170 171 171 171 171 171 171 171 171 170 170 170 170 170 170 170 170 170 170 170 170 170 168 168 168 169 169 
169 169 170 169 169 170 170 170 170 170 170 171 171 171 171 170 170 170 170 170 170 170 170 170 170 170 170 168 168 168 168 169 
16 32
42 42 42 42 41 40 39 39 38 38 39 39 40 38 37 40 43 43 38 33 59 92 102 68 32 23 26 25 23 18 8 11 
42 42 42 42 40 40 40 40 40 40 40 40 34 43 48 40 30 33 54 75 87 74 52 34 30 31 25 18 26 15 4 11 
42 42 42 42 39 40 40 41 41 40 40 40 39 39 38 37 41 53 68 80 63 43 29 31 35 29 23 24 25 8 4 22 
42 42 42 42 40 40 40 41 40 39 38 37 39 32 31 43 61 69 61 49 32 29 35 43 38 24 20 30 26 4 7 37 
42 42 42 42 40 40 40 39 39 38 37 36 35 40 47 54 56 51 43 36 44 39 34 33 31 27 22 21 28 4 13 45 
42 42 42 42 40 40 39 38 38 38 39 39 47 49 51 47 41 37 36 37 40 40 36 30 27 26 23 18 23 3 17 50 
42 42 42 42 40 39 38 38 39 42 45 47 53 47 40 37 38 39 38 36 26 34 40 38 29 22 20 21 15 3 22 54 
42 42 42 42 39 38 37 38 41 45 50 53 39 40 40 40 40 39 38 37 42 37 33 33 29 22 17 20 16 5 28 55 
41 40 40 40 40 42 45 46 46 44 41 39 39 39 39 39 39 39 38 37 36 37 35 32 27 21 19 18 12 11 32 54 
41 40 40 40 39 41 42 43 43 41 39 38 39 39 39 39 39 38 38 37 35 36 35 32 26 21 19 19 11 13 36 55 
41 40 40 40 39 39 40 40 40 39 38 37 38 39 39 39 39 38 37 37 35 35 34 31 25 20 19 20 8 18 40 55 
41 40 40 40 39 39 38 38 38 37 38 38 38 38 39 39 38 38 37 37 35 35 33 30 24 20 18 20 5 23 45 55 
41 40 40 40 40 39 39 38 37 38 38 39 38 38 38 38 38 37 37 36 35 34 32 28 23 19 17 20 6 30 49 53 
41 40 40 40 40 40 39 38 38 38 39 39 37 38 38 38 38 37 36 36 34 34 32 27 22 19 18 19 8 36 52 51 
41 40 40 40 39 39 39 39 38 38 38 38 37 37 38 38 38 37 36 36 34 34 31 26 22 18 17 19 13 42 52 48 
41 40 40 40 38 38 38 38 38 37 37 36 37 37 38 38 37 37 36 36 34 33 31 26 22 19 17 19 16 45 53 45 
16 32
27 26 27 28 28 28 17 10 15 22 23 20 18 21 17 16 18 16 12 19 28 21 6 17 52 62 40 23 26 32 34 36 
27 26 26 26 27 22 15 11 16 22 22 18 18 18 18 19 16 17 19 19 18 5 21 45 58 47 28 24 31 33 34 36 
27 26 26 25 24 14 12 13 19 21 20 18 18 18 21 20 14 15 19 15 5 5 40 63 51 28 22 28 34 34 34 36 
26 26 26 23 21 8 11 17 21 21 18 18 19 21 22 19 14 11 10 7 3 34 50 51 29 18 26 35 34 35 35 36 
26 27 24 21 17 7 13 20 22 19 17 18 18 24 18 17 18 11 3 8 19 56 46 32 20 23 33 37 34 36 36 36 
26 26 23 19 14 10 17 23 21 19 18 18 18 22 14 14 19 13 4 17 39 52 36 24 25 32 33 33 36 37 37 37 
25 26 24 18 11 16 20 23 20 17 19 19 18 20 14 12 13 11 11 24 42 41 27 21 30 38 34 33 38 38 37 37 
25 26 23 16 9 18 22 24 20 17 19 20 19 20 17 12 7 7 14 25 33 37 22 16 27 38 39 36 38 38 38 37 
26 22 15 12 13 17 20 21 17 17 21 21 20 14 11 5 6 11 14 14 12 15 20 27 33 36 37 38 39 37 37 37 
25 20 13 12 15 17 19 19 18 18 21 20 18 9 9 7 8 11 13 12 11 13 15 19 26 33 39 39 38 37 36 36 
22 18 13 14 18 19 19 19 18 20 22 18 14 8 9 10 13 14 14 14 14 16 13 12 19 28 37 40 38 36 36 35 
20 15 12 17 22 21 19 18 19 21 20 15 11 11 15 17 18 18 19 21 23 25 20 15 15 21 29 33 35 35 35 34 
18 14 13 19 23 20 18 19 20 22 19 14 11 18 19 20 20 21 24 29 32 35 30 23 15 13 16 23 28 31 32 33 
15 13 17 20 22 19 19 19 21 19 15 13 13 20 20 20 20 24 28 33 36 38 35 29 21 15 12 15 18 26 28 30 
14 14 20 21 20 20 20 21 21 18 12 12 17 21 20 19 23 28 33 36 36 37 36 34 31 27 22 17 13 18 22 27 
12 15 22 23 18 19 20 23 23 17 11 12 20 22 20 21 26 33 38 38 36 36 35 36 39 40 34 23 14 12 17 24 
16 32
30 30 30 29 29 27 25 27 41 62 78 83 84 62 47 51 44 38 43 42 46 54 104 200 203 197 199 199 191 207 193 195 
31 31 31 31 31 25 24 24 30 39 48 54 58 85 82 88 76 65 55 39 41 68 198 208 188 205 191 184 210 184 201 196 
31 31 32 32 32 31 31 30 27 24 26 33 40 39 49 61 59 58 50 43 68 181 217 179 185 194 195 183 188 201 196 197 
30 30 31 31 32 34 35 34 31 26 26 30 34 27 32 37 38 43 39 57 122 205 173 198 207 175 189 187 191 185 195 199 
28 28 29 30 30 32 32 32 32 33 33 32 30 42 34 33 36 42 44 86 176 188 185 193 155 156 170 177 198 201 190 199 
27 27 28 28 28 31 29 29 32 37 38 33 29 34 24 28 36 42 49 92 174 186 177 137 132 185 181 199 196 199 190 131 
27 27 27 28 28 30 28 28 31 37 38 35 32 41 33 40 41 39 47 67 106 111 108 121 171 189 175 186 170 142 86 59 
28 28 28 29 28 25 25 25 27 31 33 34 33 29 26 39 34 33 46 52 56 67 73 103 114 98 120 93 85 68 66 50 
30 29 27 26 26 26 27 28 29 31 32 33 33 33 33 33 34 36 36 38 37 35 39 47 52 51 46 41 38 36 20 18 
22 27 31 31 29 28 27 26 25 24 25 25 26 32 32 32 33 34 35 36 36 33 32 32 32 30 29 29 31 13 37 36 
43 32 25 25 28 23 23 25 27 29 31 33 34 33 33 32 33 34 34 35 35 38 36 33 29 26 26 28 31 33 35 18 
65 54 40 32 29 31 31 31 31 31 30 30 30 34 34 34 34 34 35 35 35 38 39 40 38 35 33 32 31 35 17 33 
51 65 68 58 46 32 30 26 24 23 26 30 32 33 33 33 34 33 33 34 34 31 33 35 35 34 31 29 28 20 46 31 
27 41 55 65 68 56 50 41 32 26 24 25 26 29 29 29 30 30 30 31 31 31 31 32 30 29 30 32 34 35 20 66 
23 20 27 43 57 79 78 74 65 53 38 24 16 26 26 27 28 29 30 31 31 32 32 32 31 30 32 35 37 14 82 161 
28 29 28 25 22 41 54 74 88 90 80 64 52 26 26 27 29 30 31 32 32 24 26 29 29 28 28 27 28 68 155 208 
16 32
26 19 25 25 21 19 37 37 37 37 37 37 37 37 38 37 35 32 33 33 33 34 34 32 34 36 30 17 76 104 101 109 
16 20 26 25 23 25 37 37 37 37 37 37 37 37 38 37 34 32 33 33 33 33 34 37 33 38 30 17 82 105 102 108 
21 27 26 22 24 31 37 37 37 37 37 37 37 37 37 36 34 32 32 32 33 33 33 43 31 41 27 18 93 105 103 107 
29 29 22 19 26 37 37 37 37 37 37 37 37 37 37 36 33 32 32 32 32 33 32 45 29 40 22 23 102 105 104 106 
23 22 20 22 31 41 36 36 36 36 36 36 35 36 37 35 33 31 32 32 32 33 32 43 28 38 17 34 106 103 106 106 
19 21 25 30 34 37 36 36 36 36 36 36 35 35 35 34 33 31 31 31 32 32 35 37 31 36 14 50 107 101 106 106 
23 25 30 35 35 33 36 36 36 36 35 35 35 35 35 34 32 31 31 31 32 32 39 32 36 34 12 67 108 101 106 106 
20 21 30 37 39 36 36 36 36 36 36 36 35 36 35 34 32 31 31 31 31 32 43 28 39 33 12 77 107 102 106 107 
23 29 36 40 38 35 41 37 33 32 34 36 36 34 36 34 33 31 31 32 33 35 35 37 36 29 13 97 106 105 105 113 
26 31 35 37 35 33 32 35 38 38 36 35 36 38 35 34 32 31 30 31 33 35 36 36 35 26 17 99 106 102 103 110 
31 34 36 35 35 34 33 33 33 33 35 39 42 43 33 32 31 29 29 31 32 34 37 36 34 23 29 103 105 101 104 109 
36 38 37 35 36 37 34 30 29 36 45 48 41 33 31 30 29 28 29 30 32 34 38 35 33 19 45 107 104 99 107 110 
38 38 34 32 33 36 32 36 45 53 55 47 31 19 30 29 28 28 29 30 32 34 38 35 34 15 61 109 103 99 106 106 
38 35 31 30 33 37 46 52 56 51 40 30 28 29 30 29 28 28 29 31 33 35 37 35 36 13 76 110 100 100 103 98 
34 33 33 37 43 48 57 53 46 35 26 24 30 36 29 29 28 28 30 32 35 36 35 35 38 12 86 109 98 102 103 91 
31 32 37 46 56 63 47 38 30 31 36 37 29 21 30 29 28 29 30 33 35 37 34 34 39 12 91 109 97 103 107 89 
16 32
71 71 71 71 71 71 71 71 71 71 71 71 71 71 71 71 71 71 71 71 71 71 71 72 72 72 72 72 72 72 72 72 
71 71 71 71 71 71 71 71 71 71 71 71 71 71 71 71 71 71 71 71 71 71 71 72 72 72 72 72 72 72 72 72 
71 71 71 71 71 71 71 71 71 71 71 71 71 71 71 71 71 71 71 71 71 71 71 72 72 72 72 72 72 72 72 72 
71 71 71 71 71 71 71 71 71 71 71 71 71 71 71 71 71 71 71 71 71 71 71 72 72 72 72 72 72 72 72 72 
71 71 71 71 71 71 71 71 71 71 71 71 71 71 71 71 71 71 71 71 71 71 71 72 72 72 72 72 72 72 72 72 
71 71 71 71 71 71 71 71 71 71 71 71 71 71 71 71 71 71 71 71 71 71 71 72 72 72 72 72 72 72 72 72 
71 71 71 71 71 71 71 71 71 71 71 71 71 71 71 71 71 71 71 71 71 71 71 72 72 72 72 72 72 72 72 72 
71 71 71 71 71 71 71 71 71 71 71 71 71 71 71 71 71 71 71 71 71 71 71 71 72 71 72 72 72 72 72 72 
71 71 71 71 71 71 71 71 71 71 71 71 71 71 71 71 71 71 71 71 71 71 71 69 71 73 72 69 68 70 73 69 
71 71 71 71 71 71 71 71 71 71 71 71 71 71 71 71 71 71 71 71 71 71 71 71 70 70 71 72 72 71 71 73 
71 71 71 71 71 71 71 71 71 71 71 71 71 71 71 71 71 71 71 71 71 71 71 72 70 68 70 73 74 72 68 71 
71 71 71 71 71 71 71 71 71 71 71 71 71 71 71 71 71 71 71 71 71 71 71 72 70 69 70 72 72 70 68 69 
71 71 71 71 71 71 71 71 71 71 71 71 71 71 71 71 71 71 71 71 71 71 71 70 71 72 71 69 68 71 73 81 
71 71 71 71 71 71 71 71 71 71 71 71 71 71 71 71 71 71 71 71 71 71 71 69 71 72 71 68 69 75 80 95 
71 71 71 71 71 71 71 71 71 71 71 71 71 71 71 71 71 71 71 71 71 71 71 71 70 69 70 73 78 84 89 88 
71 71 71 71 71 71 71 71 71 71 71 71 71 71 71 71 71 71 71 71 71 71 71 73 69 66 69 77 86 92 94 68 
